Date,Confirmed,Confirmed1,Population,mavg,mavg1
1/22/20,555,555,7710663140,555.00,555.00
1/23/20,654,99,7710663140,654.00,99.00
1/24/20,941,287,7710663140,941.00,287.00
1/25/20,1434,493,7710663140,1434.00,493.00
1/26/20,2118,684,7710663140,1434.00,684.00
1/27/20,2927,809,7710663140,1434.00,809.00
1/28/20,5578,2651,7710663140,2029.57,796.86
1/29/20,6166,588,7710663140,2831.14,801.57
1/30/20,8234,2068,7710663140,3914.00,1082.86
1/31/20,9927,1693,7710663140,5197.71,1283.71
2/1/20,12038,2111,7710663140,6712.57,1514.86
2/2/20,16787,4749,7710663140,8808.14,2095.57
2/3/20,19887,3100,7710663140,11231.00,2422.86
2/4/20,23898,4011,7710663140,13848.14,2617.14
2/5/20,27643,3745,7710663140,16916.29,3068.14
2/6/20,30802,3159,7710663140,20140.29,3224.00
2/7/20,34334,3532,7710663140,23627.00,3486.71
2/8/20,37068,2734,7710663140,27202.71,3575.71
2/9/20,40095,3027,7710663140,30532.43,3329.71
2/10/20,42633,2538,7710663140,33781.86,3249.43
2/11/20,44675,2042,7710663140,36750.00,2968.14
2/12/20,45053,378,7710663140,39237.14,2487.14
2/13/20,60206,15153,7710663140,43437.71,4200.57
2/14/20,66690,6484,7710663140,48060.00,4622.29
2/15/20,68765,2075,7710663140,52588.14,4528.14
2/16/20,70879,2114,7710663140,56985.86,4397.71
2/17/20,72815,1936,7710663140,61297.57,4311.71
2/18/20,74609,1794,7710663140,65573.86,4276.29
2/19/20,75030,421,7710663140,69856.29,4282.43
2/20/20,75577,547,7710663140,72052.14,2195.86
2/21/20,76206,629,7710663140,73411.57,1359.43
2/22/20,77967,1761,7710663140,74726.14,1314.57
2/23/20,78288,321,7710663140,75784.57,1058.43
2/24/20,78852,564,7710663140,76647.00,862.43
2/25/20,79705,853,7710663140,77375.00,728.00
2/26/20,80668,963,7710663140,78180.43,805.43
2/27/20,82032,1364,7710663140,79102.57,922.14
2/28/20,83409,1377,7710663140,80131.57,1029.00
2/29/20,85304,1895,7710663140,81179.71,1048.14
3/1/20,87681,2377,7710663140,82521.57,1341.86
3/2/20,89655,1974,7710663140,84064.86,1543.29
3/3/20,92232,2577,7710663140,85854.43,1789.57
3/4/20,94526,2294,7710663140,87834.14,1979.71
3/5/20,97317,2791,7710663140,90017.71,2183.57
3/6/20,101260,3943,7710663140,92567.86,2550.14
3/7/20,105291,4031,7710663140,95423.14,2855.29
3/8/20,109241,3950,7710663140,98503.14,3080.00
3/9/20,113141,3900,7710663140,101858.29,3355.14
3/10/20,118164,5023,7710663140,105562.86,3704.57
3/11/20,125824,7660,7710663140,110034.00,4471.14
3/12/20,131574,5750,7710663140,114927.86,4893.86
3/13/20,145967,14393,7710663140,121314.57,6386.71
3/14/20,157044,11077,7710663140,128707.86,7393.29
3/15/20,168181,11137,7710663140,137127.86,8420.00
3/16/20,182812,14631,7710663140,147080.86,9953.00
3/17/20,198603,15791,7710663140,158572.14,11491.29
3/18/20,218153,19550,7710663140,171762.00,13189.86
3/19/20,246027,27874,7710663140,188112.43,16350.43
3/20/20,275574,29547,7710663140,206627.71,18515.29
3/21/20,307787,32213,7710663140,228162.43,21534.71
3/22/20,341111,33324,7710663140,252866.71,24704.29
3/23/20,383215,42104,7710663140,281495.71,28629.00
3/24/20,424282,41067,7710663140,313735.57,32239.86
3/25/20,475009,50727,7710663140,350429.29,36693.71
3/26/20,537878,62869,7710663140,392122.29,41693.00
3/27/20,602173,64295,7710663140,438779.29,46657.00
3/28/20,669642,67469,7710663140,490472.86,51693.57
3/29/20,729169,59527,7710663140,545909.71,55436.86
3/30/20,793656,64487,7710663140,604544.14,58634.43
3/31/20,869968,76312,7710663140,668213.57,63669.43
4/1/20,946047,76079,7710663140,735504.71,67291.14
4/2/20,1027307,81260,7710663140,805423.14,69918.43
4/3/20,1110347,83040,7710663140,878019.43,72596.29
4/4/20,1190633,80286,7710663140,952446.71,74427.29
4/5/20,1262254,71621,7710663140,1028601.71,76155.00
4/6/20,1334843,72589,7710663140,1105914.14,77312.43
4/7/20,1411630,76787,7710663140,1183294.43,77380.29
4/8/20,1495354,83724,7710663140,1261766.86,78472.43
4/9/20,1581894,86540,7710663140,1340993.57,79226.71
4/10/20,1669459,87565,7710663140,1420866.71,79873.14
4/11/20,1746126,76667,7710663140,1500222.86,79356.14
4/12/20,1842857,96731,7710663140,1583166.14,82943.29
4/13/20,1912412,69555,7710663140,1665676.00,82509.86
4/14/20,1982302,69890,7710663140,1747200.57,81524.57
4/15/20,2063090,80788,7710663140,1828305.71,81105.14
4/16/20,2159732,96642,7710663140,1910854.00,82548.29
4/17/20,2247400,87668,7710663140,1993417.00,82563.00
4/18/20,2320882,73482,7710663140,2075525.00,82108.00
4/19/20,2401369,80487,7710663140,2155312.43,79787.43
4/20/20,2474698,73329,7710663140,2235639.00,80326.57
4/21/20,2549891,75193,7710663140,2316723.14,81084.14
4/22/20,2626657,76766,7710663140,2397232.71,80509.57
4/23/20,2715629,88972,7710663140,2476646.57,79413.86
4/24/20,2802520,86891,7710663140,2555949.43,79302.86
4/25/20,2886589,84069,7710663140,2636764.71,80815.29
4/26/20,2959509,72920,7710663140,2716499.00,79734.29
4/27/20,3028210,68701,7710663140,2795572.14,79073.14
4/28/20,3103428,75218,7710663140,2874648.86,79076.71
4/29/20,3180457,77029,7710663140,2953763.14,79114.29
4/30/20,3264045,83588,7710663140,3032108.29,78345.14
5/1/20,3351081,87036,7710663140,3110474.14,78365.86
5/2/20,3431658,80577,7710663140,3188341.14,77867.00
5/3/20,3509180,77522,7710663140,3266865.57,78524.43
5/4/20,3585208,76028,7710663140,3346436.71,79571.14
5/5/20,3665136,79928,7710663140,3426680.71,80244.00
5/6/20,3755146,90010,7710663140,3508779.14,82098.43
5/7/20,3844109,88963,7710663140,3591645.43,82866.29
5/8/20,3935617,91508,7710663140,3675150.57,83505.14
5/9/20,4019112,83495,7710663140,3759072.57,83922.00
5/10/20,4095314,76202,7710663140,3842806.00,83733.43
5/11/20,4171548,76234,7710663140,3926568.86,83762.86
5/12/20,4255067,83519,7710663140,4010844.71,84275.86
5/13/20,4339756,84689,7710663140,4094360.43,83515.71
5/14/20,4436773,97017,7710663140,4179026.71,84666.29
5/15/20,4533089,96316,7710663140,4264379.86,85353.14
5/16/20,4624782,91693,7710663140,4350904.14,86524.29
5/17/20,4703261,78479,7710663140,4437753.71,86849.57
5/18/20,4791498,88237,7710663140,4526318.00,88564.29
5/19/20,4887897,96399,7710663140,4616722.29,90404.29
5/20/20,4990793,102896,7710663140,4709727.57,93005.29
5/21/20,5097101,106308,7710663140,4804060.14,94332.57
5/22/20,5203926,106825,7710663140,4899894.00,95833.86
5/23/20,5302886,98960,7710663140,4996766.00,96872.00
5/24/20,5398084,95198,7710663140,5096026.43,99260.43
5/25/20,5484989,86905,7710663140,5195096.57,99070.14
5/26/20,5577443,92454,7710663140,5293603.14,98506.57
5/27/20,5680001,102558,7710663140,5392061.43,98458.29
5/28/20,5799252,119251,7710663140,5492368.71,100307.29
5/29/20,5920363,121111,7710663140,5594716.86,102348.14
5/30/20,6049190,128827,7710663140,5701331.71,106614.86
5/31/20,6156719,107529,7710663140,5809708.14,108376.43
6/1/20,6251666,94947,7710663140,5919233.43,109525.29
6/2/20,6372399,120733,7710663140,6032798.57,113565.14
6/3/20,6491755,119356,7710663140,6148763.43,115964.86
6/4/20,6618599,126844,7710663140,6265813.00,117049.57
6/5/20,6749398,130799,7710663140,6384246.57,118433.57
6/6/20,6876543,127145,7710663140,6502439.86,118193.29
6/7/20,6988751,112208,7710663140,6621301.57,118861.71
6/8/20,7090855,102104,7710663140,6741185.71,119884.14
6/9/20,7215122,124267,7710663140,6861574.71,120389.00
6/10/20,7348994,133872,7710663140,6984037.43,122462.71
6/11/20,7487035,138041,7710663140,7108099.71,124062.29
6/12/20,7615965,128930,7710663140,7231895.00,123795.29
6/13/20,7750168,134203,7710663140,7356698.57,124803.57
6/14/20,7883473,133305,7710663140,7484516.00,127817.43
6/15/20,8003022,119549,7710663140,7614825.57,130309.57
6/16/20,8144301,141279,7710663140,7747565.43,132739.86
6/17/20,8320284,175983,7710663140,7886321.14,138755.71
6/18/20,8459946,139662,7710663140,8025308.43,138987.29
6/19/20,8640506,180560,7710663140,8171671.43,146363.00
6/20/20,8797853,157347,7710663140,8321340.71,149669.29
6/21/20,8926111,128258,7710663140,8470289.00,148948.29
6/22/20,9063921,137810,7710663140,8621846.00,151557.00
6/23/20,9229124,165203,7710663140,8776820.71,154974.71
6/24/20,9400036,170912,7710663140,8931071.00,154250.29
6/25/20,9577668,177632,7710663140,9090745.57,159674.57
6/26/20,9768761,191093,7710663140,9251924.86,161179.29
6/27/20,9946676,177915,7710663140,9416042.43,164117.57
6/28/20,10108290,161614,7710663140,9584925.14,168882.71
6/29/20,10266478,158188,7710663140,9756719.00,171793.86
6/30/20,10440098,173620,7710663140,9929715.29,172996.29
7/1/20,10657478,217380,7710663140,10109349.86,179634.57
7/2/20,10864994,207516,7710663140,10293253.57,183903.71
7/3/20,11068352,203358,7710663140,10478909.43,185655.86
7/4/20,11261558,193206,7710663140,10666749.71,187840.29
7/5/20,11444238,182680,7710663140,10857599.43,190849.71
7/6/20,11611412,167174,7710663140,11049732.86,192133.43
7/7/20,11822119,210707,7710663140,11247164.43,197431.57
7/8/20,12033621,211502,7710663140,11443756.29,196591.86
7/9/20,12261729,228108,7710663140,11643289.86,199533.57
7/10/20,12494121,232392,7710663140,11846971.14,203681.29
7/11/20,12710192,216071,7710663140,12053918.86,206947.71
7/12/20,12902844,192652,7710663140,12262291.14,208372.29
7/13/20,13095379,192535,7710663140,12474286.43,211995.29
7/14/20,13316768,221389,7710663140,12687807.71,213521.29
7/15/20,13547785,231017,7710663140,12904116.86,216309.14
7/16/20,13800185,252400,7710663140,13123896.29,219779.43
7/17/20,14042085,241900,7710663140,13345034.00,221137.71
7/18/20,14279555,237470,7710663140,13569228.71,224194.71
7/19/20,14494193,214638,7710663140,13796564.29,227335.57
7/20/20,14700844,206651,7710663140,14025916.43,229352.14
7/21/20,14934167,233323,7710663140,14256973.43,231057.00
7/22/20,15214758,280591,7710663140,14495112.43,238139.00
7/23/20,15497275,282517,7710663140,14737553.86,242441.43
7/24/20,15778245,280970,7710663140,14985576.71,248022.86
7/25/20,16032739,254494,7710663140,15236031.57,250454.86